2: [217,84,84], [235,166,166]
2: [72,72,72], [160,160,160]
3: [231,147,147], [255,255,255]
3: [140,140,140], [255,255,255]
4: [217,86,86], [202,18,18]
4: [75,75,75], [2,2,2]
5: [203,23,23], [202,18,18]
5: [7,7,7], [2,2,2]
6: [202,18,18], [231,147,147]
6: [2,2,2], [140,140,140]
7: [203,23,23], [203,23,23]
7: [7,7,7], [7,7,7]
8: [239,184,184], [255,255,255]
8: [179,179,179], [255,255,255]
9: [214,71,71], [235,167,167]
9: [58,58,58], [161,161,161]
A: [238,180,180], [255,255,255]
A: [175,175,175], [255,255,255]
J: [202,18,18], [203,23,23]
J: [2,2,2], [7,7,7]
K: [224,115,115], [204,29,29]
K: [106,106,106], [13,13,13]
Q: [215,77,77], [223,112,112]
Q: [65,65,65], [102,102,102]
T: [202,18,18], [202,18,18]
T: [2,2,2], [2,2,2]